1 5
2 7
3 10
4 15
5 18
6 29
7 47
8 113
9 163
10 269
11 1150
12 1293
13 1881
14 22173
15 44563
16 95683
17 261955
18 1179415
19 1295936
20 11451171
21 26867679
22 42531919
23 247791599
24 429914163
25 445379527
26 560533869
27 619222313
28 2147478019
29 2971786617
30 3474640372
31 11753588964
32 24452091777
33 24453922692
34 2375569094238
35 5473352509055
36 9742923197455
37 152038348048545
38 353387237261042
39 1039642015534604
40 2431494812438214
41 5217766440390935
42 47453708818892663
43 57341012950430378
44 83483048989474328
45 109941116537584214
46 185874140559053788
47 456793165739112664
48 934060406678538399
49 1647070794697469576
50 3246620754598895144
51 3550579834394506419
52 7982155805683268862
53 61025017088117933230
54 61186773691624450843
55 68518494384738384218
56 107716536038307203097
57 134809505490320383002
58 467765535484599558295
59 978706159838305354942
60 8046724397115209859338
61 8638173126667876080474
62 18674834427116462990043
63 32155308445927304908844
64 35042094615692621214733
65 62636812638289140987892
66 74698782078787805705343
67 140166846496547728943038
68 3108329045519499280251819
69 4425531982097969546682217
