1 5
2 9
3 10
4 11
5 13
6 15
7 20
8 22
9 31
10 40
11 43
12 53
13 62
14 71
15 84
16 93
17 124
18 154
19 221
20 483
21 3044
22 18748
23 125973
24 232085
25 1705260
26 2091605
27 5616236
28 8067806
29 8849508
30 58944155
31 84572166
32 164487062
33 421825427
34 469435978
35 744740232
36 2034565620
37 8998799859
38 15062362054
39 30267276276
40 44449738926
41 85527751986
42 159716772798
43 1369601276562
44 2884386496809
45 9626139714133
46 11343829178224
47 25597507949120
48 74648519221701
49 391544693355123
50 423171272011223
51 813106169167120
52 963290283196224
53 1264483995625322
54 1360135512633901
55 2194409518384770
56 3011877384937828
57 48038545066670217
58 53852077490734579
59 181359476689725458
60 188644565806517928
61 205807905067239796
62 248991252050340970
63 462554829517721841
64 506692856413309122
65 834230411496251537
66 956433246484150571
67 970233161314311596
68 1021460069774717807
69 1557844117607004660
70 3347999104646675836
71 3411274526229816253
72 3892874085414493028
73 3958597374567341545
74 4082053800397533959
75 4142687146239575440
76 4780483285380913039
77 14649111744946134521
78 14936730865091437925
79 23480686585715789375
80 54854213758266012545
81 58174473849624714716
82 63634519192527361909
83 72468907311083772841
84 73615056087547964286
85 75635888989757794499
86 226070524783671034430
87 274579138194064743077
88 318778836002699137247
89 319036882444995866447
90 447096057222212377034
91 631121102818940974199
92 635003755409663074123
93 962752828365064331125
94 1031936409523531674689
95 1227730403909928515524
96 5364324512032999930742
97 8710935272477422513873
98 10057386094462085943090
99 10085447433274486323082
