1 8
2 11
3 16
4 27
5 37
6 44
7 74
8 88
9 111
10 148
11 185
12 409
13 526
14 2417
15 8720
16 12154
17 15268
18 49322
19 61587
20 68444
21 82833
22 98644
23 206356
24 249549
25 327001
26 484512
27 642437
28 692928
29 695659
30 726975
31 964225
32 1210087
33 2141228
34 2282504
35 5514048
36 10640601
37 48453362
38 69572128
39 74343984
40 171550728
41 184847569
42 204545417
43 232877871
44 245317977
45 246133682
46 1012053123
47 2919370958
48 3283990956
49 4107841348
50 4127458598
51 4583761876
52 4951787714
53 8498190475
54 17315782024
55 112617429948
56 513921355711
57 579661138195
58 630720040978
59 1995825836887
60 13812409338659
61 27934212868793
62 47378064376896
63 56263589332189
64 93359092114166
65 109446796513021
66 516180088148902
67 2718533482886677
68 3500821227014944
69 6210993623830431
70 7209350413467014
71 14265033074837994
72 15204226907167502
73 22511053539179256
74 36461386914627057
75 49632461900975956
76 237713057866579330
77 268442625556056776
78 459590269017829119
79 518176718644531806
80 952109855362584944
81 1669753507903156028
82 2115723085574440176
83 3967501249983705443
84 27093664166759736561
85 62642319832342018631
86 155004865632509365831
