1 3
2 5
3 6
4 7
5 57
6 102
7 127
8 206
9 217
10 677
11 805
12 840
13 1486
14 1680
15 1887
16 2090
17 2834
18 8329
19 10145
20 12866
21 21127
22 23002
23 50782
24 67925
25 82685
26 96841
27 153861
28 178852
29 357896
30 3826652
31 17985694
32 38610616
33 38610808
34 70587766
35 160804168
36 341014432
37 632582224
38 10267031505
39 23315108901
40 23315477541
41 45348913872
42 188755980557
43 196133135546
44 381359341293
45 559430045134
46 829893652112
47 4765040776418
48 6216213392668
49 6695069185236
50 6961713187349
51 14649964613666
52 15366673874177
53 15857627517938
54 15857662538738
55 33000573191893
56 62364323071922
57 101279472029150
58 341224287960626
59 1329359510974325
60 8970547062861281
61 20400699583113685
62 41146020906458530
63 176636760662638914
64 841129060412364866
65 1304451289863909172
66 3216469304174908274
67 4237270102433804400
68 161531778241679473462
69 362356002156247530144
70 433979440781025308780
71 2818806718399404116770
72 7862390141807488783945
73 12153330695545980649642
74 24402570555206655450017
75 26057238313908118423552
76 26057240677036298799260
77 50424018359122354948974
78 60905998385997702692513
79 68923852817013771973978
80 118194938086102581504077
81 129496530006231989677304
82 744855695395129738182700
83 836121273148876781672237
84 891299181846173791486418
85 967249831053323919179792
86 1003181413161350267699190
87 1612078173362595713960004
88 1794602334299156523961765
89 7735843832712597032980100
90 9225538723615430545208752
91 33186840014061581530075568
92 59740496997208982023864412
93 70315757566442701431318677
94 148439136280382775588382317
95 980289331592034089750689056
96 1154281441158897203842514373
97 1210214998256018577717248768
98 1231672437031929111323438649
99 2209828562030969056716470882
100 3606650560371704089639881154
101 41555538520604736023259721185
102 132257479911121911959037803774
103 144320246543604588466954248541
104 180925818765768683213580395314
105 348262108518157413316841620114
106 622526458549359940134637356294
107 1253842541442543752246906492866
108 5778914713171377063235219239970
109 9854523961248449978279116049180
110 19861259094696888432828019589074
111 21190923750156256472843146855258
112 22414734456417315418634855098330
113 48156134193645358145465120170369
114 87747466573074009950352813199793
