1 8
2 13
3 16
4 19
5 24
6 32
7 40
8 48
9 57
10 114
11 125
12 145
13 171
14 228
15 285
16 329
17 342
18 589
19 1969
20 2833
21 4938
22 30318
23 43153
24 168516
25 336774
26 375008
27 652933
28 1068018
29 2955098
30 5658387
31 11096232
32 19623430
33 26245925
34 81805113
35 112442958
36 119572340
37 130712398
38 407198006
39 494835656
40 508871625
41 564319261
42 712864110
43 1329648884
44 4499773314
45 5010903526
46 7077533344
47 11424440549
48 15744296161
49 46282724188
50 154926847046
51 185670685444
52 351165724334
53 785943156977
54 2647975557330
55 2770407634615
56 10679277484313
57 14123109153469
58 14163105056827
59 50449840272846
60 200396662868635
61 224389284879008
62 228433619329803
63 336610530960634
64 337686041618050
65 402158917458018
66 1890571437281275
67 2455950644878339
68 3457225296201687
69 9624137639040511
70 14203071005330896
71 16067012950364045
72 35960065092540942
73 239727277024842421
74 609543998992144407
75 703339761792629198
76 1015768457189298947
77 1185254128119114590
78 20328142566705958100
79 43783087561314508914
80 46808703318242856654
81 93187729130564001246
