1 8
2 11
3 15
4 16
5 22
6 24
7 32
8 37
9 40
10 48
11 56
12 59
13 92
14 123
15 200
16 251
17 257
18 400
19 457
20 893
21 2761
22 4040
23 4547
24 8392
25 9161
26 12833
27 16784
28 21225
29 29617
30 127126
31 238244
32 378733
33 526117
34 587524
35 599333
36 672549
37 745765
38 2176234
39 2347267
40 2593739
41 5285583
42 8113400
43 341785390
44 449415500
45 514971408
46 1230011191
47 2544857146
48 4334971438
49 4986327009
50 17451671054
51 30673732884
52 31142138584
53 238543512840
54 288645883528
55 747257469109
56 4311295154109
57 5668538158151
58 6947708060402
59 8938400802820
60 11621793594001
61 67231166611183
62 207611879404842
63 273971481635472
64 443305273105538
65 461755037832948
66 485086588626754
67 2131028935014150
68 17273066357486482
69 145974321102724355
70 860614330476688400
71 2121383444344108573
72 25606773027881253629
73 27424272456916626103
74 328261845266435825414
75 409014367023961265443
