1 17
2 21
3 25
4 42
5 67
6 81
7 96
8 101
9 149
10 162
11 173
12 202
13 243
14 303
15 324
16 346
17 404
18 405
19 486
20 519
21 567
22 648
23 692
24 732
25 857
26 1189
27 1464
28 2199
29 4398
30 11644
31 18325
32 33774
33 34453
34 37999
35 70348
36 92664
37 141557
38 256820
39 263412
40 326778
41 349484
42 526824
43 535754
44 579708
45 1461987
46 1519308
47 1621052
48 2688905
49 4650964
50 8027458
51 8198651
52 8374956
53 13504910
54 17858551
55 20002383
56 55640285
57 154513633
58 170801638
59 4353088586
60 5643812037
61 18946904728
62 19063375560
63 26271129303
64 49758268761
65 77648939447
66 174500820157
67 290702636331
68 796619137746
69 3540598641806
70 13676042379182
71 27474725605036
72 32122430073077
73 64102375573662
74 75547942842040
75 238527943285496
76 284269944411051
77 554215352109954
78 3747653494762951
79 11036996693476908
80 45752611056779261
81 85234068798383512
82 139753963178518052
83 152723900013851077
84 166407951260908300
85 1953817627722590952
86 5299292442265390702
87 5785967376511193868
88 10663796184944693088
89 14022822477829541843
90 49042426303327670704
91 159017571621666230639
92 172142310334038381885
